EPISODE 1
TRAIN: 
time: 52.25157641139906 ms
reward: -116.00900000000001
step: 125
VALIDATE: 
reward: -63.06199999999995
step: 125

EPISODE 2
TRAIN: 
time: 21.601828058723306 ms
reward: -64.06099999999992
step: 125
VALIDATE: 
reward: -63.06199999999995
step: 125

