EPISODE 1
TRAIN: 
time: 64.41919573627136 ms
reward: -118.00700000000003
step: 125
VALIDATE: 
reward: -0.12500000000000008
step: 125

